/*The following are lines of code written in C++ containing timeslice ratio cuts applied to each block of the positive and negative SRPDs.*/

//Cut_runnumber[side][block]
//side = 0 for Neg, side = 1 for Pos
//block = 0 for upper left corner......block = 15 for bottom right corner


double Cut_326776[2][16] = 
{
{3.0,4.0,5.0,5.0,3.0,4.0,4.0,4.0,4.0,5.0,6.0,7.0,5.0,5.0,5.0,6.0},
{4.0,15.0,4.0,4.0,4.0,4.5,4.0,5.0,4.0,5.0,12.0,4.0,5.0,4.0,5.0,5.0}
};
double Cut_326822[2][16] = 
{
{3.0,4.0,5.0,5.0,3.0,4.0,4.0,4.0,4.0,5.0,6.0,7.0,5.0,5.0,5.0,6.0},
{4.0,15.0,4.0,4.0,4.0,4.5,4.0,5.0,4.0,5.0,12.0,4.0,5.0,4.0,5.0,5.0}
};
double Cut_326883[2][16] = 
{
{3.0,4.0,5.0,5.0,3.0,4.0,4.0,4.0,4.0,5.0,6.0,7.0,5.0,5.0,5.0,6.0},
{4.0,15.0,4.0,4.0,4.0,4.5,4.0,5.0,4.0,5.0,12.0,4.0,5.0,4.0,5.0,5.0}
};
double Cut_326943[2][16] = 
{
{3.0,4.0,5.0,5.0,3.0,4.0,4.0,4.0,4.0,5.0,6.0,7.0,5.0,5.0,5.0,6.0},
{4.0,15.0,4.0,4.0,4.0,4.5,4.0,5.0,4.0,5.0,12.0,4.0,5.0,4.0,5.0,5.0}
};
double Cut_327078[2][16] = 
{
{4.0,6.0,5.0,5.0,3.0,5.0,4.5,5.0,6.0,6.0,6.0,6.0,6.0,5.0,6.0,6.0},
{5.0,16.0,5.0,4.0,4.0,5.0,5.0,6.0,4.0,6.0,13.0,4.0,5.0,5.0,6.0,6.0}
};
double Cut_327211[2][16] = 
{
{4.0,6.0,5.0,5.0,3.0,5.0,4.5,5.0,6.0,6.0,6.0,6.0,6.0,5.0,6.0,6.0},
{5.0,16.0,5.0,4.0,4.0,5.0,5.0,6.0,4.0,6.0,13.0,4.0,5.0,5.0,6.0,6.0}
};
double Cut_327327[2][16] = 
{
{4.0,6.0,5.0,5.0,3.0,5.0,4.5,5.0,6.0,6.0,6.0,6.0,6.0,5.0,6.0,6.0},
{5.0,16.0,5.0,4.0,4.0,5.0,5.0,6.0,4.0,6.0,13.0,4.0,5.0,5.0,6.0,6.0}
};
double Cut_327464[2][16] = 
{
{4.0,6.0,5.0,5.0,3.0,5.0,4.5,5.0,6.0,6.0,6.0,6.0,6.0,5.0,6.0,6.0},
{5.0,16.0,5.0,4.0,4.0,5.0,5.0,6.0,4.0,6.0,13.0,4.0,5.0,5.0,6.0,6.0}
};
double Cut_327524[2][16] = 
{
{4.0,6.0,5.0,5.0,3.0,5.0,4.5,5.0,6.0,6.0,6.0,6.0,6.0,5.0,6.0,6.0},
{5.0,16.0,5.0,4.0,4.0,5.0,5.0,6.0,4.0,6.0,13.0,4.0,5.0,5.0,6.0,6.0}
};
double Cut_327560[2][16] = 
{
{4.0,6.0,5.0,5.0,3.0,5.0,4.5,5.0,6.0,6.0,6.0,6.0,6.0,5.0,6.0,6.0},
{5.0,16.0,5.0,4.0,4.0,5.0,5.0,6.0,4.0,6.0,13.0,4.0,5.0,5.0,6.0,6.0}
};

/*The following are lines of code written in C++ containing all calibration factors for each of the positive and negative SRPD blocks for ten centrality ranges.*/

//SRPD_weights_runnumber[side][cent][block]
//side = 0 for Neg, side = 1 for Pos
//cent = 0 for 0-10% (0-20)......cent = 9 for 90-100% (180-200)
//block = 0 for upper left corner......block = 15 for bottom right corner


double SRPD_weights_326776[2][10][16] = 
{
{
{1., 1., 1., 1., 1., 1., 1., 1., 1., 1., 1., 1., 1., 1., 1., 1.},
	{1., 1., 1., 1., 1., 1., 1., 1., 1., 1., 1., 1., 1., 1., 1., 1.},
	{1., 1., 1., 1., 1., 1., 1., 1., 1., 1., 1., 1., 1., 1., 1., 1.},
	{1., 1., 1., 1., 1., 1., 1., 1., 1., 1., 1., 1., 1., 1., 1., 1.},
	{1., 1., 1., 1., 1., 1., 1., 1., 1., 1., 1., 1., 1., 1., 1., 1.},				
	{1., 1., 1., 1., 1., 1., 1., 1., 1., 1., 1., 1., 1., 1., 1., 1.},				
	{1., 1., 1., 1., 1., 1., 1., 1., 1., 1., 1., 1., 1., 1., 1., 1.},				
	{1., 1., 1., 1., 1., 1., 1., 1., 1., 1., 1., 1., 1., 1., 1., 1.},				
	{1., 1., 1., 1., 1., 1., 1., 1., 1., 1., 1., 1., 1., 1., 1., 1.},
	{1., 1., 1., 1., 1., 1., 1., 1., 1., 1., 1., 1., 1., 1., 1., 1.}		},

{   
{0.8540, 5.126, 1.194, 2.200, 2.244, 1.063, 1.941, 0.9355, 1.267, 1.288, 
22.31, 7.300, 1., 0.7225, 1.593, 1.712},
	{0.7968, 4.639, 1.114, 2.148, 2.097, 1., 1.852, 0.9479, 1.167, 1.170, 
	21.36, 7.289, 0.9328, 0.6826, 1.536, 1.734},
	{0.7622, 4.355, 1.065, 2.137, 2.017, 0.9425, 1.795, 0.9500, 1.109, 1.108, 
	23.75, 8.400, 0.8985, 0.6596, 1.491, 1.900},
	{0.7402, 4.500, 1.046, 2.163, 1.980, 0.9183, 1.767, 1.050, 1.083, 1.073,  
	22.30, 8.750, 0.8826, 0.6452, 1.450, 1.975},
	{0.7153, 4.077, 1., 2.161, 1.921, 0.8921, 1.729, 1.050,  1.050, 1., 
	21.75, 9.285, 0.8576, 0.6297, 1.452, 2.010},
	{0.6667, 3.988, 1., 2.178, 1.887, 0.8757, 1.650, 1.084,  1., 1., 
	20.85, 8.950, 0.8439, 0.6188, 1.441, 2.125},
	{0.6930, 3.923, 1., 2.218, 1.847, 0.8598, 1.650, 1.133,  1., 1., 
	20.75, 9.250, 0.8292, 0.6105, 1.431, 2.200},
	{0.6817, 4.100, 1., 2.222, 1.813, 0.8467, 1.650, 1.200,  1., 1., 
	20.95, 9.550, 0.8190, 0.6039, 1.423, 2.150},
	{0.6775, 4.000, 1., 2.234, 1.787, 0.8418, 1.701, 1.172,  1., 0.9615, 
	19.95, 9.750, 0.8157, 0.6028, 1.408, 2.333},
	{0.9488, 4.500, 1., 2.075, 1.750, 0.8000, 1.625, 1.174,  1., 1., 
	18.50, 7.665, 0.8230, 0.5767, 1.400, 1.974}		}
};


double SRPD_weights_326822[2][10][16] = 
{
{   
{1., 1., 1., 1., 1., 1., 1., 1., 1., 1., 1., 1., 1., 1., 1., 1.},
	{1., 1., 1., 1., 1., 1., 1., 1., 1., 1., 1., 1., 1., 1., 1., 1.},
	{1., 1., 1., 1., 1., 1., 1., 1., 1., 1., 1., 1., 1., 1., 1., 1.},
	{1., 1., 1., 1., 1., 1., 1., 1., 1., 1., 1., 1., 1., 1., 1., 1.},
	{1., 1., 1., 1., 1., 1., 1., 1., 1., 1., 1., 1., 1., 1., 1., 1.},				
	{1., 1., 1., 1., 1., 1., 1., 1., 1., 1., 1., 1., 1., 1., 1., 1.},				
	{1., 1., 1., 1., 1., 1., 1., 1., 1., 1., 1., 1., 1., 1., 1., 1.},				
	{1., 1., 1., 1., 1., 1., 1., 1., 1., 1., 1., 1., 1., 1., 1., 1.},				
	{1., 1., 1., 1., 1., 1., 1., 1., 1., 1., 1., 1., 1., 1., 1., 1.},
	{1., 1., 1., 1., 1., 1., 1., 1., 1., 1., 1., 1., 1., 1., 1., 1.}		},

{   
{0.8439, 5.011, 1.190, 2.149, 2.200, 1.049,  1.911, 0.8889, 1.259, 1.271, 
21.67, 6.692, 1., 0.7225, 1.560, 1.568},
	{0.7880, 4.620, 1.108, 2.102, 2.071, 1., 1.827, 0.9050, 1.162, 1.170, 
	21.15, 6.750, 1., 0.6868, 1.495, 1.587},
	{0.7553, 4.361, 1.075, 2.120, 2.001, 0.9434, 1.784, 0.9355, 1.115, 1.115, 
	20.50, 6.950, 0.9107, 0.6689, 1.466, 1.634},
	{0.7310, 4.197, 1.045, 2.108, 1.948, 0.9183, 1.749, 0.9597, 1.081, 1.077, 
	20.25, 7.150, 0.8873, 0.6515, 1.442, 1.690},
	{0.7148, 4.114, 1., 2.137, 1.910, 0.8978, 1.737, 1., 1., 1.051, 
	19.85, 7.500, 0.8703, 0.6431, 1.435, 1.850},
	{0.7008, 3.999, 1., 2.139, 1.864, 0.8764, 1.712, 1., 1., 1., 
	19.46, 7.627, 0.8540, 0.6293, 1.422, 1.797},
	{0.6878, 3.947, 1., 2.180, 1.836, 0.8658, 1.711, 1.055,  1., 1., 
	19.95, 8.250, 0.8439, 0.6234, 1.416, 1.925},
	{0.6835, 3.807, 1., 2.197, 1.809, 0.8540, 1.706, 1.082,  1., 1., 
	19.75, 8.333, 0.8354, 0.6173, 1.406, 1.950},
	{0.6780, 3.665, 1., 2.190, 1.769, 0.8511, 1.707, 1., 1., 1., 
	19.15, 8.294, 0.8292, 0.6203, 1.389, 1.995},
	{0.6579, 3.450, 1., 2.000, 1.667, 0.7502, 1.667, 1., 1., 1., 
	17.00, 6.850, 0.8271, 0.5924, 1.500, 1.772}		}
};


double SRPD_weights_326883[2][10][16] = 
{
{   
{1., 1., 1., 1., 1., 1., 1., 1., 1., 1., 1., 1., 1., 1., 1., 1.},
	{1., 1., 1., 1., 1., 1., 1., 1., 1., 1., 1., 1., 1., 1., 1., 1.},
	{1., 1., 1., 1., 1., 1., 1., 1., 1., 1., 1., 1., 1., 1., 1., 1.},
	{1., 1., 1., 1., 1., 1., 1., 1., 1., 1., 1., 1., 1., 1., 1., 1.},
	{1., 1., 1., 1., 1., 1., 1., 1., 1., 1., 1., 1., 1., 1., 1., 1.},			
	{1., 1., 1., 1., 1., 1., 1., 1., 1., 1., 1., 1., 1., 1., 1., 1.},			
	{1., 1., 1., 1., 1., 1., 1., 1., 1., 1., 1., 1., 1., 1., 1., 1.},			
	{1., 1., 1., 1., 1., 1., 1., 1., 1., 1., 1., 1., 1., 1., 1., 1.},			
	{1., 1., 1., 1., 1., 1., 1., 1., 1., 1., 1., 1., 1., 1., 1., 1.},
	{1., 1., 1., 1., 1., 1., 1., 1., 1., 1., 1., 1., 1., 1., 1., 1.}	},

{   
{0.8258, 4.866, 1.156,  2.076, 2.174, 1., 1.854, 0.8446, 1.249,  1.256,  
20.85, 6.259, 1., 0.7189, 1.517, 1.472},
	{0.7728, 4.478, 1.080, 2.056, 2.051, 0.9606, 1.773, 0.8666, 1.156, 1.150, 
	20.50, 6.400, 0.9372, 0.6817, 1.458, 1.507},
	{0.7396, 4.275, 1., 2.042, 1.964, 0.9234, 1.724, 0.8865, 1.100, 1.096, 
	19.84, 6.500, 0.9050, 0.6601, 1.430, 1.555},
	{0.7163, 4.095, 1., 2.037, 1.913, 0.8961, 1.690, 0.9066, 1.062, 1.058, 
	19.48, 6.625, 0.8795, 0.6452, 1.405, 1.595},
	{0.7018, 3.994, 1., 2.058, 1.873, 0.8795, 1.675, 0.9363, 1., 1., 
	19.25, 6.900, 0.8673, 0.6341, 1.393, 1.626},
	{0.6897, 3.913, 1., 2.078, 1.841, 0.8584, 1.663, 0.9681, 1., 1., 
	19.15, 7.333, 0.8525, 0.6231, 1.386, 1.700},
	{0.6757, 3.853, 1., 2.106, 1.806, 0.8482, 1.657, 1., 1., 1., 
	19.40, 7.775, 0.8418, 0.6180, 1.381, 1.850},
	{0.6708, 3.700, 1., 2.137, 1.779, 0.8292, 1.600, 1., 1., 1., 
	18.95, 7.700, 0.8285, 0.6079, 1.359, 1.825},
	{0.6680, 3.570, 1., 2.122, 1.740, 0.8292, 1.636, 1., 1., 1., 
	18.45, 7.680, 0.8278, 0.6105, 1.348, 1.817},
	{0.6540, 3.359, 0.9050, 1.933, 1.534, 0.7134, 1.467, 1., 0.8850, 0.9058, 
	16.25, 6.360, 0.8258, 0.5928, 1.227, 1.665} 	}
};


double SRPD_weights_326943[2][10][16] = 
{
{   
{1., 1., 1., 1., 1., 1., 1., 1., 1., 1., 1., 1., 1., 1., 1., 1.},
	{1., 1., 1., 1., 1., 1., 1., 1., 1., 1., 1., 1., 1., 1., 1., 1.},
	{1., 1., 1., 1., 1., 1., 1., 1., 1., 1., 1., 1., 1., 1., 1., 1.},
	{1., 1., 1., 1., 1., 1., 1., 1., 1., 1., 1., 1., 1., 1., 1., 1.},
	{1., 1., 1., 1., 1., 1., 1., 1., 1., 1., 1., 1., 1., 1., 1., 1.},				
	{1., 1., 1., 1., 1., 1., 1., 1., 1., 1., 1., 1., 1., 1., 1., 1.},				
	{1., 1., 1., 1., 1., 1., 1., 1., 1., 1., 1., 1., 1., 1., 1., 1.},				
	{1., 1., 1., 1., 1., 1., 1., 1., 1., 1., 1., 1., 1., 1., 1., 1.},				
	{1., 1., 1., 1., 1., 1., 1., 1., 1., 1., 1., 1., 1., 1., 1., 1.},
	{1., 1., 1., 1., 1., 1., 1., 1., 1., 1., 1., 1., 1., 1., 1., 1.}	},

{   
{0.8292, 4.894, 1.150, 2.028, 2.183, 1., 1.836, 0.8052, 1.257, 1.266, 
20.75, 5.912, 1., 0.7257, 1.503, 1.398},
	{0.7776, 4.504, 1.086,  1.996, 2.065, 1., 1.778, 0.8190, 1.166, 1.173, 
	20.55, 5.924, 0.9497, 0.6935, 1.464, 1.426},
	{0.7435, 4.259, 1.042, 1.974, 1.980, 0.9328, 1.728, 0.8347, 1.110, 1.111, 
	19.67, 6.150, 0.9141, 0.6707, 1.427, 1.446},
	{0.7236, 4.134, 1., 1.975, 1.936, 0.9141, 1.710, 0.8547, 1.080, 1.083, 
	19.65, 6.333, 0.8969, 0.6614, 1.421, 1.488},
	{0.7077, 4.049, 1., 1.986, 1.896, 0.8953, 1.697, 0.8772, 1.059, 1.057, 
	19.55, 6.375, 0.8842, 0.6502, 1.410, 1.540},
	{0.6916, 3.947, 1., 2.007, 1.856, 0.8787, 1.683, 0.9017, 1., 1., 
	19.45, 6.600, 0.8658, 0.6418, 1.400, 1.582},
	{0.6826, 3.893, 1., 2.036, 1.829, 0.8696, 1.689, 0.9225, 1., 1., 
	19.66, 6.789, 0.8562, 0.6361, 1.403, 1.631},
	{0.6748, 3.751, 1., 2.024, 1.802, 0.8562, 1.686, 0.9328, 1., 1., 
	19.66, 7.050, 0.8467, 0.6321, 1.397, 1.700},
	{0.6789, 3.612, 1., 2.025, 1.773, 0.8475, 1.674, 0.9390, 1., 1., 
	18.52, 6.959, 0.8482, 0.6309, 1.373, 1.685},
	{0.6720, 3.511, 0.8913, 1.861, 1.607, 0.7375, 1.477, 0.8591, 1., 0.8613, 
	16.90, 5.991, 0.8584, 0.6154, 1.290, 1.593}		}
};


double SRPD_weights_327078[2][10][16] = 
{
{   
{1., 1., 1., 1., 1., 1., 1., 1., 1., 1., 1., 1., 1., 1., 1., 1.},
	{1., 1., 1., 1., 1., 1., 1., 1., 1., 1., 1., 1., 1., 1., 1., 1.},
	{1., 1., 1., 1., 1., 1., 1., 1., 1., 1., 1., 1., 1., 1., 1., 1.},
	{1., 1., 1., 1., 1., 1., 1., 1., 1., 1., 1., 1., 1., 1., 1., 1.},
	{1., 1., 1., 1., 1., 1., 1., 1., 1., 1., 1., 1., 1., 1., 1., 1.},				
	{1., 1., 1., 1., 1., 1., 1., 1., 1., 1., 1., 1., 1., 1., 1., 1.},				
	{1., 1., 1., 1., 1., 1., 1., 1., 1., 1., 1., 1., 1., 1., 1., 1.},				
	{1., 1., 1., 1., 1., 1., 1., 1., 1., 1., 1., 1., 1., 1., 1., 1.},				
	{1., 1., 1., 1., 1., 1., 1., 1., 1., 1., 1., 1., 1., 1., 1., 1.},
	{1., 1., 1., 1., 1., 1., 1., 1., 1., 1., 1., 1., 1., 1., 1., 1.}	},

{   
{0.7968, 4.776, 1.101,  2.003, 2.098, 1., 1.744, 0.7955, 1.230, 1.209, 
19.38, 5.678, 1., 0.6969, 1.427, 1.338},
	{0.7468, 4.332, 1., 1.977, 1.988, 0.9311, 1.687, 0.8013, 1.133, 1.116, 
	19.22, 5.691, 0.9225, 0.6645, 1.387, 1.366},
	{0.7168, 4.148, 1., 1.994, 1.914, 0.8985, 1.652, 0.8244, 1.082, 1.066, 
	18.75, 5.899, 0.8921, 0.6472, 1.358, 1.399},
	{0.6944, 3.987, 1., 1.985, 1.860, 0.8681, 1.611, 0.8418, 1.051, 1., 
	18.33, 5.969, 0.8681, 0.6285, 1.333, 1.430},
	{0.6798, 3.937, 1., 2.012, 1.818, 0.8540, 1.601, 0.8658, 1., 1., 
	18.21, 6.150, 0.8532, 0.6223, 1.331, 1.472},
	{0.6653, 3.828, 0.9488, 2.032, 1.777, 0.8368, 1.582, 0.8921, 1., 1., 
	18.10, 6.418, 0.8389, 0.6079, 1.312, 1.515},
	{0.6583, 3.802, 0.9346, 2.046, 1.751, 0.8285, 1.574, 0.9107, 1., 0.9579, 
	18.08, 6.615, 0.8333, 0.6010, 1.306, 1.555},
	{0.6557, 3.745, 0.9320, 2.068, 1.735, 0.8299, 1.574, 0.9294, 1., 0.9470, 
	18.11, 6.755, 0.8319, 0.5959, 1.300, 1.592},
	{0.6566, 3.640, 0.9276, 2.073, 1.692, 0.8313, 1.567, 0.9488, 1., 0.9434, 
	17.42, 6.762, 0.8319, 0.5935, 1.287, 1.611},
	{0.6192, 3.622, 0.8562, 2.041, 1.487, 0.6969, 1.403, 0.8834, 0.9355, 0.8197, 
	17.83, 6.386, 0.8606, 0.5456, 1.206, 1.553}	}
};


double SRPD_weights_327211[2][10][16] = 
{
{   
{1., 1., 1., 1., 1., 1., 1., 1., 1., 1., 1., 1., 1., 1., 1., 1.},
	{1., 1., 1., 1., 1., 1., 1., 1., 1., 1., 1., 1., 1., 1., 1., 1.},
	{1., 1., 1., 1., 1., 1., 1., 1., 1., 1., 1., 1., 1., 1., 1., 1.},
	{1., 1., 1., 1., 1., 1., 1., 1., 1., 1., 1., 1., 1., 1., 1., 1.},
	{1., 1., 1., 1., 1., 1., 1., 1., 1., 1., 1., 1., 1., 1., 1., 1.},				
	{1., 1., 1., 1., 1., 1., 1., 1., 1., 1., 1., 1., 1., 1., 1., 1.},				
	{1., 1., 1., 1., 1., 1., 1., 1., 1., 1., 1., 1., 1., 1., 1., 1.},				
	{1., 1., 1., 1., 1., 1., 1., 1., 1., 1., 1., 1., 1., 1., 1., 1.},				
	{1., 1., 1., 1., 1., 1., 1., 1., 1., 1., 1., 1., 1., 1., 1., 1.},
	{1., 1., 1., 1., 1., 1., 1., 1., 1., 1., 1., 1., 1., 1., 1., 1.}	},

{   
{0.7862, 4.703, 1.079,  1.896, 2.082, 1., 1.673, 0.7305, 1.239, 1.219, 
18.12, 5.115, 1., 0.7072, 1.383, 1.210},
	{0.7391, 4.359, 1., 1.878, 1.977, 0.9434, 1.628, 0.7342, 1.143, 1.130, 
	18.25, 5.129, 0.9363, 0.6761, 1.345, 1.233},
	{0.7128, 4.150, 1., 1.879, 1.907, 0.9099, 1.594, 0.7468, 1.095, 1.084, 
	17.90, 5.200, 0.9058, 0.6592, 1.322, 1.255},
	{0.6944, 4.026, 1., 1.864, 1.863, 0.8881, 1.561, 0.7576, 1.069, 1.051, 
	17.66, 5.305, 0.8865, 0.6464, 1.309, 1.275},
	{0.6798, 3.933, 0.9625, 1.891, 1.823, 0.8741, 1.556, 0.7764, 1.048, 1., 
	17.70, 5.423, 0.8696, 0.6386, 1.306, 1.305},
	{0.6684, 3.885, 0.9443, 1.895, 1.790, 0.8576, 1.538, 0.7905, 1.035, 1., 
	17.61, 5.579, 0.8584, 0.6274, 1.291, 1.332},
	{0.6614, 3.826, 0.9346, 1.920, 1.761, 0.8518, 1.531, 0.8071, 1., 1., 
	17.48, 5.737, 0.8511, 0.6200, 1.284, 1.362},
	{0.6627, 3.776, 0.9320, 1.933, 1.736, 0.8576, 1.528, 0.8210, 1., 1., 
	17.38, 5.821, 0.8467, 0.6165, 1.281, 1.381},
	{0.6640, 3.642, 0.9268, 1.934, 1.710, 0.8518, 1.519, 0.8285, 1., 1., 
	16.58, 5.794, 0.8482, 0.6139, 1.276, 1.385},
	{0.6510, 3.529, 0.8711, 1.913, 1.524, 0.7225, 1.364, 0.7746, 1., 0.8569, 
	16.81, 5.422, 0.9025, 0.5970, 1.240, 1.399}		}
};


double SRPD_weights_327327[2][10][16] = 
{
{   
{1., 1., 1., 1., 1., 1., 1., 1., 1., 1., 1., 1., 1., 1., 1., 1.},
	{1., 1., 1., 1., 1., 1., 1., 1., 1., 1., 1., 1., 1., 1., 1., 1.},
	{1., 1., 1., 1., 1., 1., 1., 1., 1., 1., 1., 1., 1., 1., 1., 1.},
	{1., 1., 1., 1., 1., 1., 1., 1., 1., 1., 1., 1., 1., 1., 1., 1.},
	{1., 1., 1., 1., 1., 1., 1., 1., 1., 1., 1., 1., 1., 1., 1., 1.},				
	{1., 1., 1., 1., 1., 1., 1., 1., 1., 1., 1., 1., 1., 1., 1., 1.},				
	{1., 1., 1., 1., 1., 1., 1., 1., 1., 1., 1., 1., 1., 1., 1., 1.},				
	{1., 1., 1., 1., 1., 1., 1., 1., 1., 1., 1., 1., 1., 1., 1., 1.},				
	{1., 1., 1., 1., 1., 1., 1., 1., 1., 1., 1., 1., 1., 1., 1., 1.},
	{1., 1., 1., 1., 1., 1., 1., 1., 1., 1., 1., 1., 1., 1., 1., 1.}	},

{   
{0.7752, 4.588, 1.074,  1.878, 2.058, 1., 1.630, 0.7123, 1.224, 1.188, 
17.47, 4.889, 1.,     0.6882, 1.330, 1.148},
	{0.7289, 4.273, 1., 1.865, 1.943, 0.9251, 1.577, 0.7143, 1.129, 1.106, 
	17.38, 4.901, 0.9276, 0.6588, 1.295, 1.170},
	{0.7022, 4.090, 1., 1.860, 1.882, 0.8937, 1.540, 0.7225, 1.087, 1.061, 
	16.99, 4.947, 0.9009, 0.6435, 1.271, 1.186},
	{0.6854, 3.958, 1., 1.873, 1.833, 0.8711, 1.517, 0.7380, 1.058, 1., 
	16.74, 5.056, 0.8795, 0.6309, 1.255, 1.208},
	{0.6711, 3.902, 0.9551, 1.876, 1.796, 0.8576, 1.490, 0.7491, 1., 1., 
	16.57, 5.128, 0.8628, 0.6227, 1.239, 1.226},
	{0.6605, 3.843, 0.9506, 1.905, 1.769, 0.8496, 1.485, 0.7651, 1., 1., 
	16.66, 5.282, 0.8532, 0.6161, 1.236, 1.255},
	{0.6570, 3.836, 0.9452, 1.924, 1.743, 0.8446, 1.478, 0.7782, 1., 1., 
	16.67, 5.412, 0.8467, 0.6105, 1.226, 1.280},
	{0.6549, 3.760, 0.9337, 1.937, 1.715, 0.8432, 1.465, 0.7886, 1., 0.9588, 
	16.39, 5.481, 0.8453, 0.6208, 1.218, 1.291},
	{0.6523, 3.609, 0.9416, 1.950, 1.685, 0.8425, 1.475, 0.8045, 1., 0.9542, 
	15.71, 5.453, 0.8418, 0.6002, 1.212, 1.296},
	{0.6519, 3.469, 0.9337, 1.935, 1.629, 0.8278, 1.459, 0.8137, 1., 0.9515, 
	15.26, 5.349, 0.8496, 0.5992, 1.201, 1.303}	}
};


double SRPD_weights_327464[2][10][16] = 
{
{   
{1., 1., 1., 1., 1., 1., 1., 1., 1., 1., 1., 1., 1., 1., 1., 1.},
	{1., 1., 1., 1., 1., 1., 1., 1., 1., 1., 1., 1., 1., 1., 1., 1.},
	{1., 1., 1., 1., 1., 1., 1., 1., 1., 1., 1., 1., 1., 1., 1., 1.},
	{1., 1., 1., 1., 1., 1., 1., 1., 1., 1., 1., 1., 1., 1., 1., 1.},
	{1., 1., 1., 1., 1., 1., 1., 1., 1., 1., 1., 1., 1., 1., 1., 1.},				
	{1., 1., 1., 1., 1., 1., 1., 1., 1., 1., 1., 1., 1., 1., 1., 1.},				
	{1., 1., 1., 1., 1., 1., 1., 1., 1., 1., 1., 1., 1., 1., 1., 1.},				
	{1., 1., 1., 1., 1., 1., 1., 1., 1., 1., 1., 1., 1., 1., 1., 1.},				
	{1., 1., 1., 1., 1., 1., 1., 1., 1., 1., 1., 1., 1., 1., 1., 1.},
	{1., 1., 1., 1., 1., 1., 1., 1., 1., 1., 1., 1., 1., 1., 1., 1.}	},

{   
{0.7610, 4.542, 1., 1.789, 2.038, 1., 1.551, 0.6579, 1.224, 1.198, 
16.21, 4.586, 1., 0.6892, 1.261, 1.075},
	{0.7236, 4.253, 1., 1.775, 1.931, 0.9302, 1.490, 0.6601, 1.128, 1.116, 
	16.25, 4.562, 0.9268, 0.6618, 1.225, 1.093},
	{0.6954, 4.039, 0.9416, 1.761, 1.869, 0.8953, 1.452, 0.6662, 1.084, 1.064, 
	15.90, 4.594, 0.8978, 0.6414, 1.201, 1.102},
	{0.6784, 3.928, 0.9242, 1.757, 1.832, 0.8757, 1.435, 0.6748, 1.061, 1.035, 
	15.95, 4.660, 0.8818, 0.6321, 1.188, 1.117},
	{0.6645, 3.849, 0.9074, 1.758, 1.790, 0.8569, 1.414, 0.6845, 1., 1., 
	15.66, 4.736, 0.8651, 0.6223, 1.178, 1.135},
	{0.6562, 3.816, 0.9009, 1.780, 1.760, 0.8496, 1.405, 0.6969, 1., 1., 
	15.69, 4.855, 0.8547, 0.6154, 1.170, 1.158},
	{0.6502, 3.757, 0.8857, 1.796, 1.728, 0.8410, 1.384, 0.7092, 1., 1., 
	15.54, 4.977, 0.8460, 0.6086, 1.155, 1.175},
	{0.6477, 3.668, 0.8826, 1.805, 1.699, 0.8403, 1.381, 0.7163, 1., 1., 
	15.29, 5.030, 0.8432, 0.6035, 1.150, 1.185},
	{0.6410, 3.477, 0.8726, 1.795, 1.660, 0.8319, 1.370, 0.7184, 1., 0.9515, 
	14.58, 4.969, 0.8347, 0.5974, 1.141, 1.186},
	{0.6406, 3.369, 0.8621, 1.789, 1.602, 0.8203, 1.354, 0.7168, 0.9634, 0.9434, 
	14.09, 4.862, 0.8354, 0.5938, 1.134, 1.192}	}
};


double SRPD_weights_327524[2][10][16] = 
{
{   
{1., 1., 1., 1., 1., 1., 1., 1., 1., 1., 1., 1., 1., 1., 1., 1.},
	{1., 1., 1., 1., 1., 1., 1., 1., 1., 1., 1., 1., 1., 1., 1., 1.},
	{1., 1., 1., 1., 1., 1., 1., 1., 1., 1., 1., 1., 1., 1., 1., 1.},
	{1., 1., 1., 1., 1., 1., 1., 1., 1., 1., 1., 1., 1., 1., 1., 1.},
	{1., 1., 1., 1., 1., 1., 1., 1., 1., 1., 1., 1., 1., 1., 1., 1.},				
	{1., 1., 1., 1., 1., 1., 1., 1., 1., 1., 1., 1., 1., 1., 1., 1.},				
	{1., 1., 1., 1., 1., 1., 1., 1., 1., 1., 1., 1., 1., 1., 1., 1.},				
	{1., 1., 1., 1., 1., 1., 1., 1., 1., 1., 1., 1., 1., 1., 1., 1.},				
	{1., 1., 1., 1., 1., 1., 1., 1., 1., 1., 1., 1., 1., 1., 1., 1.},
	{1., 1., 1., 1., 1., 1., 1., 1., 1., 1., 1., 1., 1., 1., 1., 1.}   },

{   
{0.7547, 4.476, 1., 1.747, 2.017, 1., 1.504, 0.6357, 1.212, 1.185, 
15.60, 4.382, 1., 0.6803, 1.226, 1.},
	{0.7107, 4.166, 1., 1.718, 1.908, 0.9183, 1.450, 0.6345, 1.124, 1.102, 
	15.62, 4.374, 0.9251, 0.6523, 1.191, 1.047},
	{0.6868, 3.970, 0.9285, 1.710, 1.846, 0.8826, 1.419, 0.6394, 1.078, 1.055, 
	15.25, 4.397, 0.8953, 0.6353, 1.171, 1.055},
	{0.6711, 3.866, 0.9083, 1.708, 1.809, 0.8643, 1.395, 0.6452, 1.051, 1., 
	15.19, 4.439, 0.8780, 0.6242, 1.157, 1.069},
	{0.6592, 3.811, 0.8913, 1.704, 1.764, 0.8518, 1.377, 0.6523, 1., 1., 
	15.10, 4.501, 0.8598, 0.6139, 1.142, 1.080},
	{0.6481, 3.745, 0.8803, 1.721, 1.738, 0.8389, 1.365, 0.6614, 1., 1., 
	14.99, 4.582, 0.8518, 0.6079, 1.135, 1.095},
	{0.6468, 3.725, 0.8741, 1.741, 1.729, 0.8396, 1.360, 0.6720, 1., 1., 
	15.05, 4.700, 0.8503, 0.6057, 1.132, 1.114},
	{0.6373, 3.608, 0.8658, 1.750, 1.686, 0.8319, 1.353, 0.6803, 1., 0.9579, 
	14.70, 4.757, 0.8403, 0.5963, 1.120, 1.123},
	{0.6394, 3.475, 0.8628, 1.744, 1.653, 0.8292, 1.349, 0.6835, 1., 0.9488, 
	14.09, 4.680, 0.8375, 0.5959, 1.114, 1.124},
	{0.6390, 3.326, 0.8446, 1.719, 1.600, 0.8078, 1.317, 0.6702, 0.9606, 0.9294, 
	13.51, 4.550, 0.8347, 0.5910, 1.105, 1.117}		}
};


double SRPD_weights_327560[2][10][16] = 
{
{   
{1., 1., 1., 1., 1., 1., 1., 1., 1., 1., 1., 1., 1., 1., 1., 1.},
	{1., 1., 1., 1., 1., 1., 1., 1., 1., 1., 1., 1., 1., 1., 1., 1.},
	{1., 1., 1., 1., 1., 1., 1., 1., 1., 1., 1., 1., 1., 1., 1., 1.},
	{1., 1., 1., 1., 1., 1., 1., 1., 1., 1., 1., 1., 1., 1., 1., 1.},
	{1., 1., 1., 1., 1., 1., 1., 1., 1., 1., 1., 1., 1., 1., 1., 1.},				
	{1., 1., 1., 1., 1., 1., 1., 1., 1., 1., 1., 1., 1., 1., 1., 1.},				
	{1., 1., 1., 1., 1., 1., 1., 1., 1., 1., 1., 1., 1., 1., 1., 1.},				
	{1., 1., 1., 1., 1., 1., 1., 1., 1., 1., 1., 1., 1., 1., 1., 1.},				
	{1., 1., 1., 1., 1., 1., 1., 1., 1., 1., 1., 1., 1., 1., 1., 1.},
	{1., 1., 1., 1., 1., 1., 1., 1., 1., 1., 1., 1., 1., 1., 1., 1.}    },

{   
{0.7479, 4.449, 1., 1.729, 2.006, 1., 1.481, 0.6266, 1.207, 1.172, 
15.20, 4.318, 1., 0.6729, 1.207, 1.},
	{0.7082, 4.141, 0.9515, 1.690, 1.902, 0.9132, 1.426, 0.6203, 1.122, 1.094, 
	15.30, 4.275, 0.9217, 0.6477, 1.171, 1.},
	{0.6854, 3.963, 0.9174, 1.681, 1.842, 0.8795, 1.390, 0.6250, 1.073, 1.048, 
	14.97, 4.277, 0.8937, 0.6305, 1.146, 1.},
	{0.6667, 3.847, 0.8977, 1.683, 1.795, 0.8569, 1.368, 0.6337, 1.047, 1., 
	14.81, 4.345, 0.8749, 0.6184, 1.131, 1.041},
	{0.6570, 3.761, 0.8842, 1.690, 1.761, 0.8425, 1.352, 0.6406, 1., 1., 
	14.72, 4.402, 0.8621, 0.6079, 1.119, 1.056},
	{0.6456, 3.727, 0.8681, 1.696, 1.727, 0.8340, 1.338, 0.6481, 1., 1., 
	14.66, 4.490, 0.8496, 0.6020, 1.110, 1.066},
	{0.6382, 3.694, 0.8598, 1.713, 1.699, 0.8292, 1.321, 0.6570, 1., 0.9551, 
	14.50, 4.594, 0.8375, 0.5938, 1.097, 1.079},
	{0.6418, 3.585, 0.8532, 1.732, 1.685, 0.8244, 1.318, 0.6671, 1., 0.9443, 
	14.18, 4.626, 0.8389, 0.5882, 1.090, 1.088},
	{0.6373, 3.430, 0.8482, 1.732, 1.644, 0.8251, 1.312, 0.6734, 1., 0.9452, 
	13.60, 4.610, 0.8382, 0.5893, 1.081, 1.092},
	{0.6515, 3.354, 0.8482, 1.689, 1.616, 0.8143, 1.308, 0.6667, 1., 0.9416, 
	13.33, 4.469, 0.8453, 0.5917, 1.094, 1.091}	}
};